[config]
line_target=false
mZ_veh=0.44700002670288
mY_ofoot=1.3750001192093
mX_ofoot=1.1170001029968
mY_veh=0.82500004768372
mZ_ofoot=0.58400005102158
mX_veh=0.60100001096725
